INPUT:
f(X)=[101011111]
n=255
k=223
u=
[00010010][00000110][00111010][00110111][10000001][00010100][10011000][10000101][00110100][11100100][00111111][01110101][11000000][01110101][10101000][11010000][00111101][01011110][00011101][01010011][00110011][11111101][00001100][11101100][11011011][11000100][10111111][00100111][00010110][01110110][00000110][01101101][11111000][00101111][11001101][00010110][11001011][01101001][11001101][11001100][01011101][10001010][00110000][11110110][10100100][00100111][10100000][01100101][11100110][00011101][10111101][10011001][11101110][11010010][01001100][10111000][10000101][11001101][10101111][10111100][00000000][10001000][01001000][00111011][10001000][10101001][10011100][01001101][01101010][10011110][01101100][00011010][11110010][11100100][01010100][10000000][11011001][00100101][01110110][11110111][10001100][00101000][11011010][00110111][11110101][11001101][11010111][01011110][00010010][01011110][11011110][01000100][00010011][10010011][01111011][10010101][10010100][11000010][10000100][01111110][10001011][10111110][01100100][11111101][11110100][00111111][11011100][01010001][01000111][01011111][00100101][10111000][10001000][11011111][01000111][10111100][01011111][00111101][00110000][11100110][01110111][10100101][10100100][00001001][00100011][10101011][01010000][10010110][11110010][10000001][11101011][01110001][11101000][00011111][01111111][10110000][00010111][11000111][00110000][11101110][11110100][11001100][00111010][01010011][01110000][11000011][11011001][11101000][11101000][01111001][11000010][10100111][00001100][01011011][01101010][10001110][11001010][01111101][00001011][11010111][11100100][00011111][11111100][01010001][10110100][11100011][00011100][01010011][00000000][11000101][00110011][01101000][00001100][00001011][10111110][11110011][00101010][10101110][11100100][11010100][11010000][11101111][11110101][11101001][11001111][11000101][00110010][00101001][01001010][11110010][00010001][11111111][11010101][11010010][00001111][10000011][01100011][11111101][11000101][00100000][11010110][10011111][11110110][11001010][00111101][11001101][00000110][11111010][00110101][01100100][01110100][10010111][11110110][11101111][11111111][01000110][01000111][01101101][10111011][01011000][11000000][00101011][10111111]
OUTPUT:
c=
[00001101][01010001][01100110][11100011][01111100][11111001][01110111][11000011][00000110][11010000][10111011][10100101][11100100][11101001][10001100][10010010][00000000][01101011][00001000][10011010][11001111][00101010][00001011][01111111][11101110][11000100][01001100][00100101][10111001][01100110][01101111][11110110][01011010][01111111][00011111][01011111][11111111][01001111][10001010][10011111][01011110][00000001][00001111][01010010][10110101][10100001][00111111][10000110][10100011][00010011][01000001][01011110][10000001][10111011][01011101][00010000][00110001][00101101][10101010][00000011][10010100][00001010][01100001][10110001][01111111][11110011][00100110][11010011][10010111][01100000][01011101][00010010][10111100][11000000][00100001][10100000][00100100][11100111][11110000][10101001][00100110][10011000][01001111][11010011][00101110][00100010][10010110][00000101][11110001][10011011][00110100][00100000][10001100][11111010][10110100][10100111][00101000][00101000][10011011][10111110][11011000][00011101][01100010][01000111][10011110][11100011][11000001][10111101][11110000][10011010][00110111][01110101][01011111][00110111][11000000][10101000][01001111][11110101][10110110][10100110][10011001][00101010][00010111][00001000][10011001][01010101][11000010][01110010][01001100][01010001][11011110][10101110][01101111][11011111][01101001][00010110][11100001][10100001][01110110][11001111][11111011][01110001][01101010][11111011][10100010][01100111][11011000][00100010][01101101][11001011][10100111][11111010][00110110][01101011][01111000][10110111][10110011][01011101][10010111][01100110][11110011][00001100][10000010][01101010][11010110][00111011][00100010][10011010][11010000][11101111][00000011][10000011][11010001][10111111][01011011][10000110][01001111][10111100][10100101][11100000][10010011][01010001][10110110][10000100][01111001][00111100][10110110][01101001][11100000][10111100][00001000][10100111][10100001][11010110][11111111][10010100][11011001][00100000][01101010][01010110][10110110][01010011][10100101][00010110][00011100][10110110][10101011][11010110][11011100][00001001][01101011][01001100][10000100][11001100][00010110][10110010][00100110][01111011][00111010][11110011][10010000][11000110][11010111][00111110][01111110][01110011][00000010][01011101][00110100][10000001][10111101][11101001][10110010][01011011][10110101][11101000][11011100][11110101][00101111][01001101][11000011][01101100][11101010][01000001][01001100][10100000][10100101][11001100][11000111][00001010][10010010][11101001][01101001][11111011][01111010]

